--------Marshall XML RandomText
- Set 1
[23972000, 1186600, 972200, 993200, 973300, 5119300, 1651400, 1598800, 1011000, 943700, 849400, 944300, 965800, 967800, 917900, 1371800, 1042100, 910900, 1171200, 1206400, 1006500, 915400, 915000, 1076700, 1047200, 902200, 858900, 1300000, 947400, 868000]
- Set 2
[51875700, 5184700, 5319300, 14708600, 4385000, 9725300, 4531500, 4514600, 4805100, 4424900, 4559000, 8390100, 4410700, 4518600, 4531500, 6273700, 4136700, 4453300, 5433100, 4169700, 4278600, 4489300, 4522100, 5240700, 3874100, 4194200, 4161100, 4578600, 4291600, 4434600]
- Set 3
[157160600, 49730000, 48136000, 46542000, 39144100, 55492700, 53675000, 111753600, 63162800, 39001600, 41758700, 38598600, 50935200, 38169500, 56812900, 54002100, 44269500, 69947000, 53231500, 38604600, 39720200, 43848200, 40068800, 55258400, 37136800, 38043600, 39376500, 48590700, 39935200, 40125900]
--------Marshall XML SameText
- Set 1
[2655900, 1325600, 1134100, 3489900, 1028200, 1243200, 1339300, 954500, 1138700, 1067800, 1060000, 981700, 955600, 1233700, 1311000, 1088800, 1075400, 1250600, 1541500, 1737200, 1553900, 1214000, 1216800, 966900, 932100, 1036200, 957600, 1062500, 1008100, 1043100]
- Set 2
[9506600, 5993300, 60774000, 8704300, 4272300, 5818700, 6080700, 4605600, 4499900, 4281500, 4338400, 4149600, 5973000, 4085000, 4290500, 5181900, 5326900, 4221400, 8376000, 4494100, 4318000, 5563600, 7672800, 4647400, 4359900, 4146500, 3999600, 4817500, 4436600, 4451300]
- Set 3
[77613300, 69083600, 104173700, 49145700, 44874100, 52531300, 47053700, 44215800, 39825800, 38337900, 42670000, 37563000, 96328900, 36306800, 42561400, 61665400, 52523200, 69082600, 53930000, 37393100, 37600900, 39533100, 48183400, 38538800, 37729900, 38644700, 38002200, 40522100, 39114800, 38889100]
--------Marshall Gzip RandomText
- Set 1
[3532700, 1746500, 1470700, 1572400, 1553700, 1802500, 1564800, 1909300, 1609800, 1463400, 1326500, 1504200, 1740500, 1594600, 1635600, 1492000, 1688500, 1724100, 1549100, 1709800, 2230500, 1541400, 1506900, 1534800, 1507200, 1633500, 1982400, 1584700, 1860200, 1532800]
- Set 2
[13352300, 13407700, 57142100, 11844000, 10123000, 12203700, 10281900, 10274300, 10624000, 12077300, 10791500, 10269000, 10028900, 9473500, 11018800, 13095700, 14239000, 13393100, 10016800, 11974800, 13834400, 10390900, 17812200, 9920400, 9719200, 12334400, 10372500, 14661500, 12902900, 10166000]
- Set 3
[113359100, 122896400, 164557300, 152037700, 120852200, 113805100, 114699300, 187420700, 115645700, 109508500, 100408600, 105185700, 99429500, 99623700, 112087100, 155548700, 108560200, 141538700, 100804800, 102401200, 99385600, 101717400, 108265300, 118225200, 99623700, 100416000, 107390600, 116454900, 132831600, 101895200]
--------Marshall Gzip SameText
- Set 1
[2654500, 1810200, 19099200, 1674600, 1331200, 1475300, 6085500, 1633900, 2057900, 1351600, 1895000, 1930500, 1612400, 1616800, 2453500, 1735400, 2316200, 1359300, 1335500, 1283500, 1375700, 1652100, 1293000, 1587300, 1329300, 1281300, 1284400, 1266900, 1556300, 1457500]
- Set 2
[10332300, 10048700, 14974600, 9073000, 10221400, 9221900, 10050800, 9645100, 9475700, 9069900, 12576700, 8756000, 8965600, 8655000, 13621000, 9328000, 11513900, 9530500, 8830800, 9376100, 8876500, 10591600, 9067800, 8730600, 8520200, 8454400, 8918900, 9986200, 9985700, 10140100]
- Set 3
[115834100, 111468900, 100185300, 103582400, 169851100, 100467700, 89026800, 137425400, 89726900, 87857500, 95927400, 90421100, 90927900, 93709400, 126794500, 93825300, 120384400, 96246100, 91522300, 100543400, 88789700, 100132600, 102454000, 90400300, 102252500, 87065300, 92962200, 119385400, 100265300, 92438800]
--------Marshall Protobuf RandomText
- Set 1
[197700, 6787100, 10313000, 12604500, 14455200, 16707400, 18787900, 20480600, 23035800, 24678900, 26313000, 27967400, 29804800, 31500100, 33214400, 35438500, 37120500, 39089900, 41142500, 42888900, 44641300, 46582300, 48764800, 50944200, 52699300, 54859900, 56642700, 59193400, 61143800, 62840000]
- Set 2
[1012000, 6976000, 10421900, 12682400, 14550800, 16787200, 18890300, 20607400, 23154800, 24760400, 26389300, 28040700, 29878200, 31574900, 33325700, 35526800, 37232000, 39188800, 41217000, 42979000, 44756800, 46659200, 48930800, 51045500, 52797500, 54967800, 56792300, 59292500, 61239200, 62938500]
- Set 3
[5245400, 8640800, 11535600, 13513000, 15423400, 17664800, 19623200, 21895700, 23879200, 25483700, 27121100, 28828700, 30675100, 32332900, 34367900, 36303100, 37976800, 40086000, 42067300, 43723300, 45446800, 47396900, 49846600, 51780100, 53849100, 55838800, 58224100, 60190700, 61983000, 63796400]
--------Marshall Protobuf SameText
- Set 1
[5288100, 8662600, 11552500, 13525300, 15442500, 17678800, 19649500, 21913600, 23892400, 25512300, 27134300, 28839700, 30686100, 32346600, 34383700, 36315700, 37989200, 40098600, 42082600, 43751100, 45483800, 47410400, 49860400, 51796100, 53863500, 55855200, 58240500, 60208600, 61997400, 63808500]
- Set 2
[5486100, 8811400, 11696800, 13621200, 15576200, 17853900, 19740800, 22175800, 23969700, 25588900, 27211100, 28976700, 30774500, 32427700, 34475600, 36395400, 38062200, 40169900, 42160100, 43848700, 45566800, 47505100, 49952000, 51871100, 53955600, 55926200, 58326600, 60317000, 62075200, 63890400]
- Set 3
[6759000, 10295900, 12582700, 14423700, 16688400, 18770300, 20459800, 23012000, 24667000, 26301100, 27955600, 29791200, 31485200, 33199400, 35410300, 37106800, 39077600, 41129800, 42877000, 44628900, 46569900, 48750300, 50931600, 52686700, 54846200, 56627100, 59177000, 61130700, 62815000, 64677300]
--------Marshall Protobuf RandomText Writer
- Set 1
[27160600, 287600, 215300, 197000, 261100, 271800, 247100, 170500, 285900, 212100, 214800, 205100, 191000, 234800, 179200, 240100, 213300, 308700, 241800, 237100, 194300, 248600, 220000, 240800, 206400, 184100, 203300, 194100, 175500, 250600]
- Set 2
[4945900, 818800, 704100, 661300, 800500, 865600, 791900, 1033100, 824400, 721900, 786400, 669500, 651000, 726200, 946100, 738500, 1305600, 808300, 682200, 1012400, 885700, 887900, 1039600, 1222100, 779300, 1707600, 1352200, 872800, 781800, 789400]
- Set 3
[19747300, 7175000, 6019000, 5893300, 8759400, 7281600, 5864100, 6405500, 6234500, 5460200, 5688700, 5697700, 5972900, 5731300, 11639800, 6380300, 9939300, 6183800, 8212600, 5603500, 6079800, 6467500, 6067300, 5536000, 5312300, 6434600, 11257400, 5895100, 5615600, 5725200]
--------Marshall Protobuf SameText Writer
- Set 1
[294300, 197700, 200100, 233200, 205200, 216900, 235000, 194100, 235000, 272200, 300900, 385100, 193100, 204900, 274700, 197800, 235800, 305400, 208900, 329500, 302900, 250100, 192800, 297900, 261200, 214200, 210000, 315000, 254400, 184500]
- Set 2
[985300, 1669900, 750900, 780500, 912200, 900500, 843900, 1500600, 734600, 752200, 917300, 1626100, 754500, 1430100, 933600, 866500, 927200, 861000, 820700, 857000, 962300, 654400, 727100, 1590700, 900000, 1224400, 840100, 730800, 788100, 708200]
- Set 3
[9574300, 5932600, 6569000, 5927400, 7722400, 9142600, 19997900, 7180000, 5586700, 5607900, 5431200, 6032800, 5825200, 5771100, 7819300, 6030200, 8300600, 6372800, 5915200, 5900100, 6380100, 5593400, 7917600, 5507700, 5956100, 5556300, 10804800, 5762700, 6116800, 6356000]
--------Marshall Protobuf RandomText Total
- Set 1
[27358300, 7074700, 10528300, 12801500, 14716300, 16979200, 19035000, 20651100, 23321700, 24891000, 26527800, 28172500, 29995800, 31734900, 33393600, 35678600, 37333800, 39398600, 41384300, 43126000, 44835600, 46830900, 48984800, 51185000, 52905700, 55044000, 56846000, 59387500, 61319300, 63090600]
- Set 2
[5957900, 7794800, 11126000, 13343700, 15351300, 17652800, 19682200, 21640500, 23979200, 25482300, 27175700, 28710200, 30529200, 32301100, 34271800, 36265300, 38537600, 39997100, 41899200, 43991400, 45642500, 47547100, 49970400, 52267600, 53576800, 56675400, 58144500, 60165300, 62021000, 63727900]
- Set 3
[24992700, 15815800, 17554600, 19406300, 24182800, 24946400, 25487300, 28301200, 30113700, 30943900, 32809800, 34526400, 36648000, 38064200, 46007700, 42683400, 47916100, 46269800, 50279900, 49326800, 51526600, 53864400, 55913900, 57316100, 59161400, 62273400, 69481500, 66085800, 67598600, 69521600]
--------Marshall Protobuf SameText Total
- Set 1
[5582400, 8860300, 11752600, 13758500, 15647700, 17895700, 19884500, 22107700, 24127400, 25784500, 27435200, 29224800, 30879200, 32551500, 34658400, 36513500, 38225000, 40404000, 42291500, 44080600, 45786700, 47660500, 50053200, 52094000, 54124700, 56069400, 58450500, 60523600, 62251800, 63993000]
- Set 2
[6471400, 10481300, 12447700, 14401700, 16488400, 18754400, 20584700, 23676400, 24704300, 26341100, 28128400, 30602800, 31529000, 33857800, 35409200, 37261900, 38989400, 41030900, 42980800, 44705700, 46529100, 48159500, 50679100, 53461800, 54855600, 57150600, 59166700, 61047800, 62863300, 64598600]
- Set 3
[16333300, 16228500, 19151700, 20351100, 24410800, 27912900, 40457700, 30192000, 30253700, 31909000, 33386800, 35824000, 37310400, 38970500, 43229600, 43137000, 47378200, 47502600, 48792200, 50529000, 52950000, 54343700, 58849200, 58194400, 60802300, 62183400, 69981800, 66893400, 68931800, 71033300]
--------Unmarshall XML RandomText
- Set 1
[169454700, 8411300, 7572400, 5737700, 6665100, 7196500, 6575000, 6932000, 6807300, 5524700, 5805000, 5572200, 6727500, 5302600, 7847200, 6424800, 5305000, 6182600, 5785000, 5860100, 5780400, 5190300, 5199600, 5720900, 6651200, 5597500, 5537800, 5647400, 6658700, 5390200]
- Set 2
[159017500, 15488700, 117682400, 11939000, 12588400, 14587000, 15211800, 14051300, 12343700, 11582300, 10912900, 11660100, 17752300, 11436600, 13492000, 13184800, 12585800, 11770600, 12752000, 12055900, 12136100, 12192900, 11381300, 11985700, 12301100, 10912600, 11343100, 13420700, 13681100, 11507900]
- Set 3
[383329600, 73077000, 74108900, 71767200, 68908400, 85555200, 77476800, 75525700, 66893100, 63665500, 67405200, 63602600, 67867700, 63449100, 74144100, 90473700, 88918800, 71902700, 84494400, 69954800, 68186300, 63403000, 99570100, 65819200, 62639200, 68753200, 64881600, 80671600, 69363600, 65235800]
--------Unmarshall XML SameText
- Set 1
[12539800, 8137000, 10779600, 6289400, 6584100, 10248600, 6500000, 5430400, 5802100, 5660000, 5197200, 5268000, 5377500, 5710500, 6732400, 7585600, 7393100, 5260100, 6250700, 5274800, 5402800, 5856600, 5466300, 5577600, 5232900, 5301200, 5821300, 6754000, 6754700, 5477200]
- Set 2
[18022400, 15199200, 15405200, 11605900, 13790000, 15966300, 12202700, 12423600, 12158700, 11379300, 12047500, 10919000, 13104000, 10773900, 12146200, 18525200, 13631000, 10714800, 13099500, 10903400, 10867200, 10722200, 11447100, 14002300, 10696800, 12325000, 10794800, 12756600, 13463700, 11176300]
- Set 3
[91235300, 73521900, 62842300, 65326800, 65990100, 70829300, 61977400, 62529000, 67819100, 69719000, 63783100, 64924000, 73420700, 64317000, 68905900, 91252000, 73075100, 85587500, 121245800, 63868400, 71159400, 65605500, 64788900, 64351700, 68335700, 70788100, 78337500, 72578000, 64700300, 64305700]
--------Unmarshall Gzip RandomText
- Set 1
[9155400, 8070800, 7464600, 7279700, 7214900, 6174500, 6348300, 8062900, 7248800, 6551100, 6088600, 6451000, 5942300, 6085900, 15299800, 7344900, 5668000, 9547400, 6007500, 6675400, 5958900, 7944900, 7070800, 6318900, 6292000, 6278800, 6664800, 6846400, 8792600, 5831600]
- Set 2
[18600600, 19675600, 18343800, 15395900, 16813500, 16977200, 15123200, 19214300, 18661500, 15457000, 14441300, 14278900, 14207000, 14307000, 23044600, 16014600, 15105000, 20417500, 17291800, 14323800, 13885100, 16513300, 15157900, 14010400, 13805400, 16113200, 14801700, 16187300, 18679700, 13868700]
- Set 3
[103413800, 107252300, 101129400, 99554900, 100640200, 106372700, 91269300, 112661100, 106556000, 96099000, 90389100, 93854800, 88360800, 87483600, 153253600, 104081200, 132524500, 101841200, 88160400, 94852900, 89354600, 100249300, 93170500, 89875300, 88744100, 91663300, 91350100, 115449400, 108542800, 91461000]
--------Unmarshall Gzip SameText
- Set 1
[9827700, 9225600, 9571400, 7225500, 5519200, 6960900, 6262800, 12163200, 11498300, 5413500, 5924600, 6292500, 5961400, 6178200, 8872800, 5862700, 6810100, 5831100, 6348600, 6060000, 6156100, 5672400, 10255600, 5608500, 5962800, 6153900, 5925500, 10217900, 5542800, 6029700]
- Set 2
[20669100, 16698700, 14265200, 13898200, 14771000, 16258800, 16501800, 27547200, 13224700, 13481600, 13311400, 13910600, 14055300, 16408600, 18935900, 13626100, 15288300, 13584400, 13542900, 16384700, 14928100, 13613300, 23184700, 13216900, 14177900, 13008900, 13849500, 21264700, 13792600, 14559100]
- Set 3
[97083700, 99616900, 91961500, 92051800, 97228900, 165682100, 84428900, 129342600, 84447200, 82204000, 83862300, 106692200, 85002800, 88873800, 113299400, 88498100, 95077900, 83328300, 86726300, 85645800, 88500200, 84431000, 112610800, 82722000, 89039900, 85317300, 88120900, 134714900, 93017200, 88212300]
--------Unmarshall Protobuf RandomText
- Set 1
[14370400, 4442200, 16023000, 5448900, 5204300, 7332900, 9148700, 5356400, 4250700, 4256000, 3835100, 4035000, 4403000, 9110500, 16570200, 4426000, 9429000, 3945700, 4591700, 3896900, 4053600, 4096600, 4984500, 19019700, 3674200, 3892400, 4788900, 4572300, 4241000, 3802100]
- Set 2
[14355600, 7064200, 4631100, 4568400, 4703600, 6338900, 4817000, 9301700, 4609200, 7280500, 4178900, 13012700, 5938800, 4530300, 7604700, 4504400, 39178900, 5773200, 10555300, 8339500, 5244700, 4977800, 5001100, 9388000, 4846900, 6135600, 8444500, 4954600, 4377900, 6458900]
- Set 3
[21237100, 10310600, 7389800, 7111300, 9025500, 8149600, 7023000, 8174000, 7948300, 7041400, 7150400, 7782000, 7394500, 8196200, 9917600, 7733200, 10815600, 7467000, 8404400, 6852700, 6699300, 7599600, 8910000, 6820900, 7075400, 7144500, 12615100, 8706900, 6952600, 7995000]
--------Unmarshall Protobuf SameText
- Set 1
[5153800, 4339400, 4119700, 3941600, 4584400, 4547400, 4458600, 5063300, 3893500, 4495500, 3870500, 10332800, 4241500, 5185800, 6600400, 11518500, 4405300, 3685600, 3752800, 7009400, 5153000, 4501400, 4305700, 9444300, 3659900, 3554500, 5352300, 5145800, 4356600, 7720300]
- Set 2
[5299400, 6269200, 4639100, 5010500, 5837500, 5597100, 9480300, 7763000, 4773900, 4683200, 7399400, 8092300, 5679400, 4066300, 5561300, 21702300, 9886200, 4219100, 5155000, 8392400, 5276100, 4034000, 4225500, 3983100, 4272700, 4608700, 5404300, 5704600, 4411300, 4810000]
- Set 3
[10174900, 10826800, 7015800, 8423400, 17221600, 7540600, 7817500, 7601000, 7356500, 7368800, 6713000, 8291100, 8628400, 6458300, 12641300, 6715800, 8196200, 8981900, 6461400, 11521600, 7926600, 7962200, 9725800, 22555500, 7183000, 8535500, 8156800, 10547000, 11961100, 6891800]
--------Unmarshall Protobuf RandomText Writer
- Set 1
[825800, 81000, 44600, 31100, 33000, 41800, 2323300, 30500, 24000, 24200, 24900, 34400, 24900, 33000, 37300, 25600, 27000, 25300, 24900, 23600, 25600, 23200, 27900, 46400, 25500, 26500, 48000, 32500, 23800, 33100]
- Set 2
[4573100, 827400, 441300, 244100, 367500, 275300, 210300, 303100, 313100, 224100, 296900, 212900, 307800, 244300, 493600, 237500, 198600, 291700, 225800, 215000, 260700, 354100, 269200, 273500, 286600, 247300, 451700, 268900, 244600, 349600]
- Set 3
[8496200, 6140000, 4837400, 3180700, 8090700, 2673700, 2095400, 3072700, 2125500, 2308500, 3031700, 3013200, 2710500, 7401900, 2960200, 2470100, 2546100, 2422400, 3086800, 3054600, 2032800, 2841600, 2689300, 2845600, 2295300, 2720600, 2444600, 3385200, 2906000, 2859000]
--------Unmarshall Protobuf SameText Writer
- Set 1
[148600, 65900, 84000, 28700, 54400, 50700, 23000, 32400, 23700, 23800, 23700, 43500, 25300, 26500, 31600, 45400, 23300, 23300, 25500, 26300, 25200, 25900, 29400, 23600, 23100, 24000, 44700, 26200, 24400, 26300]
- Set 2
[545700, 594500, 471000, 285800, 358700, 328100, 212100, 287700, 231900, 228200, 265800, 512800, 315700, 235700, 308200, 198100, 240500, 209900, 201500, 292200, 234100, 321800, 345700, 252200, 223500, 227300, 229100, 323700, 253800, 371000]
- Set 3
[5734000, 4926000, 3608900, 2591600, 5140600, 4007500, 2171000, 2815400, 2160100, 2775900, 7319900, 2246000, 2203700, 2169900, 2862800, 2154000, 2249000, 3299100, 2141300, 2453300, 2261200, 2995600, 3435300, 2656100, 2150100, 2289700, 2748600, 2864100, 2154400, 2208400]
--------Unmarshall Protobuf RandomText Total
- Set 1
[15196200, 4523200, 16067600, 5480000, 5237300, 7374700, 11472000, 5386900, 4274700, 4280200, 3860000, 4069400, 4427900, 9143500, 16607500, 4451600, 9456000, 3971000, 4616600, 3920500, 4079200, 4119800, 5012400, 19066100, 3699700, 3918900, 4836900, 4604800, 4264800, 3835200]
- Set 2
[18928700, 7891600, 5072400, 4812500, 5071100, 6614200, 5027300, 9604800, 4922300, 7504600, 4475800, 13225600, 6246600, 4774600, 8098300, 4741900, 39377500, 6064900, 10781100, 8554500, 5505400, 5331900, 5270300, 9661500, 5133500, 6382900, 8896200, 5223500, 4622500, 6808500]
- Set 3
[29733300, 16450600, 12227200, 10292000, 17116200, 10823300, 9118400, 11246700, 10073800, 9349900, 10182100, 10795200, 10105000, 15598100, 12877800, 10203300, 13361700, 9889400, 11491200, 9907300, 8732100, 10441200, 11599300, 9666500, 9370700, 9865100, 15059700, 12092100, 9858600, 10854000]
--------Unmarshall Protobuf SameText Total
- Set 1
[5302400, 4405300, 4203700, 3970300, 4638800, 4598100, 4481600, 5095700, 3917200, 4519300, 3894200, 10376300, 4266800, 5212300, 6632000, 11563900, 4428600, 3708900, 3778300, 7035700, 5178200, 4527300, 4335100, 9467900, 3683000, 3578500, 5397000, 5172000, 4381000, 7746600]
- Set 2
[5845100, 6863700, 5110100, 5296300, 6196200, 5925200, 9692400, 8050700, 5005800, 4911400, 7665200, 8605100, 5995100, 4302000, 5869500, 21900400, 10126700, 4429000, 5356500, 8684600, 5510200, 4355800, 4571200, 4235300, 4496200, 4836000, 5633400, 6028300, 4665100, 5181000]
- Set 3
[15908900, 15752800, 10624700, 11015000, 22362200, 11548100, 9988500, 10416400, 9516600, 10144700, 14032900, 10537100, 10832100, 8628200, 15504100, 8869800, 10445200, 12281000, 8602700, 13974900, 10187800, 10957800, 13161100, 25211600, 9333100, 10825200, 10905400, 13411100, 14115500, 9100200]
