--------Marshall XML RandomText
- Set 1
1337725
- Set 2
6383970
- Set 3
56406875
--------Marshall XML SameText
- Set 1
1272930
- Set 2
6244390
- Set 3
72410675
--------Marshall Gzip RandomText
- Set 1
2077705
- Set 2
14536310
- Set 3
151933245
--------Marshall Gzip SameText
- Set 1
3057820
- Set 2
13915135
- Set 3
129692750
--------Marshall Protobuf RandomText
- Set 1
15625
- Set 2
92290
- Set 3
1404300
--------Marshall Protobuf SameText
- Set 1
16340
- Set 2
97515
- Set 3
887235
--------Marshall Protobuf RandomText Writer
- Set 1
242095
- Set 2
985980
- Set 3
7757620
--------Marshall Protobuf SameText Writer
- Set 1
232165
- Set 2
1021190
- Set 3
7618290
--------Marshall Protobuf RandomText Total
- Set 1
257720
- Set 2
1078270
- Set 3
9161920
--------Marshall Protobuf SameText Total
- Set 1
248505
- Set 2
1118705
- Set 3
8505525
--------Marshall XML RandomText
- Set 1
336000
- Set 2
1200777
- Set 3
7213233
--------Marshall XML SameText
- Set 1
313813
- Set 2
1396286
- Set 3
56001391
--------Marshall Gzip RandomText
- Set 1
521519
- Set 2
2420843
- Set 3
33396980
--------Marshall Gzip SameText
- Set 1
5476317
- Set 2
4575210
- Set 3
22559936
--------Marshall Protobuf RandomText
- Set 1
2671
- Set 2
13625
- Set 3
2216540
--------Marshall Protobuf SameText
- Set 1
4368
- Set 2
25120
- Set 3
97404
--------Marshall Protobuf RandomText Writer
- Set 1
123592
- Set 2
275890
- Set 3
1679540
--------Marshall Protobuf SameText Writer
- Set 1
78434
- Set 2
320053
- Set 3
1170225
--------Marshall Protobuf RandomText Total
- Set 1
123568
- Set 2
281701
- Set 3
2588549
--------Marshall Protobuf SameText Total
- Set 1
77080
- Set 2
321864
- Set 3
1177779
--------Marshall XML RandomText
- Set 1
[28105700, 1567100, 1846600, 1483000, 1078100, 1004800, 1707800, 968700, 1234300, 1641500, 1622800, 2021600, 1322800, 1253400, 992100, 1024700, 1062600, 1759600, 1808600, 975000, 1560200, 1660200, 1108200, 1406900, 1093700, 1835600, 1227000, 905100, 1089100, 1025300]
- Set 2
[76036300, 6120700, 5049400, 7457300, 5024800, 5350100, 4993500, 5030000, 5532500, 7275300, 9337400, 5579200, 5003900, 5743300, 8365500, 5084400, 7251500, 6788900, 6731400, 5058400, 6248000, 5420200, 5200000, 6169700, 8309800, 6750300, 7467900, 5836600, 5665500, 5667500]
- Set 3
[275732100, 63464500, 50905100, 84246200, 49454000, 56798500, 56374200, 51699000, 58971000, 84058700, 64431200, 50959400, 61194700, 49545200, 51295700, 64693400, 67773500, 67382000, 61603700, 49569400, 63319500, 52483600, 47827100, 47862500, 63388200, 61502500, 48822900, 46581300, 55915500, 51986200]
--------Marshall XML SameText
- Set 1
[3512800, 1038400, 1260900, 1452200, 1025500, 1968400, 1043100, 1558700, 987300, 1566200, 1843700, 999300, 964000, 1045300, 1477300, 1144100, 1845000, 1267000, 1961100, 910300, 1458500, 1148800, 1089100, 1366900, 1083900, 1093000, 977600, 990200, 1587200, 1206300]
- Set 2
[11328300, 5973800, 4996900, 10228600, 5159300, 6370400, 5354600, 5996600, 5740300, 10495500, 8635200, 5679700, 5586100, 5855800, 5022600, 5743900, 8498300, 9987100, 6803300, 4907200, 6169300, 5398500, 5591200, 4829900, 5738500, 5262100, 5737200, 4802200, 7779000, 6860700]
- Set 3
[120207600, 56587600, 59458200, 348909200, 52978200, 70041500, 57524700, 48351400, 60094000, 73256200, 91192300, 56648000, 50922200, 56890400, 57156500, 54492400, 308466100, 62578800, 82796600, 50349200, 54903500, 51025100, 51109300, 46876000, 51334000, 58989700, 50233600, 53815200, 101887500, 56547100]
--------Marshall Gzip RandomText
- Set 1
[3543500, 2102500, 4298000, 2327700, 1922800, 2277900, 2120800, 2225100, 2145000, 3044900, 2496900, 1602300, 2256200, 1566200, 1491100, 1771100, 1864100, 2642100, 2047400, 3530100, 2043100, 2239000, 1537600, 1985600, 1710100, 2470300, 2355400, 1531400, 2841900, 1572200]
- Set 2
[19835100, 13713000, 21116800, 18317500, 12414300, 13645700, 13096400, 11675500, 12603700, 21575400, 21611400, 14472100, 12118000, 12927700, 12097900, 14128800, 13039000, 17691500, 14683700, 17395600, 13174900, 12477400, 12974100, 15041300, 11888800, 14606400, 15209900, 13811800, 18215100, 13160800]
- Set 3
[148091200, 140655900, 197022700, 140465400, 125344800, 135111100, 129493400, 118724100, 143382900, 205890300, 161521600, 128280600, 122920600, 133358700, 203035000, 157444100, 145352000, 212961900, 143069600, 177198700, 126705800, 136104600, 140094800, 125039400, 127179100, 138527000, 130923300, 144173900, 251653500, 133120700]
--------Marshall Gzip SameText
- Set 1
[1807300, 1506600, 4218100, 2201300, 1460000, 1677300, 1475200, 1633700, 3204200, 2407900, 1768800, 1685000, 2213800, 1528100, 1719700, 1577600, 2536400, 26877900, 2604000, 1650900, 1844000, 2148200, 1375000, 1626000, 1469400, 1997300, 1570200, 1450700, 2178100, 1335300]
- Set 2
[11675400, 11137400, 15496000, 12598100, 11255500, 10912000, 12227200, 12797100, 21237500, 21968700, 22818700, 11879600, 11042700, 14783800, 12487300, 12092000, 13343100, 26643800, 18808100, 12427900, 10246600, 10848800, 10572900, 10074200, 12974400, 12166100, 11534400, 10774200, 21483000, 11301100]
- Set 3
[123836000, 134518600, 185508600, 149939600, 110438000, 116124500, 116511100, 113628100, 187361400, 168722600, 131084300, 115903000, 111577200, 128304100, 124885700, 119363300, 173103700, 158662200, 154067200, 139319700, 113613700, 111108500, 111686600, 111083700, 121413500, 116100100, 120868800, 124291700, 194502100, 112915900]
--------Marshall Protobuf RandomText
- Set 1
[171000, 14200, 32900, 39700, 46100, 17000, 16200, 14100, 44700, 17100, 17900, 11000, 20700, 14700, 17100, 13200, 20900, 16700, 15000, 13100, 14400, 13500, 14600, 13200, 17100, 13400, 15100, 15500, 20600, 14800]
- Set 2
[775200, 96000, 134400, 98300, 75100, 94000, 88300, 128900, 108000, 95100, 80400, 93900, 87900, 93900, 77000, 107900, 129400, 104800, 85400, 88200, 101700, 82700, 73200, 73600, 85200, 84600, 85200, 104500, 99100, 107200]
- Set 3
[3320100, 1130200, 1690700, 987900, 844500, 826000, 846100, 780700, 1029700, 1054100, 934600, 765600, 847800, 982300, 789900, 1090600, 1105700, 1169500, 859700, 891500, 902100, 780900, 857400, 785800, 818200, 11050900, 809400, 840000, 1082700, 721400]
--------Marshall Protobuf SameText
- Set 1
[17800, 19400, 18300, 12100, 15800, 13600, 32700, 17600, 14200, 14300, 12500, 13600, 17700, 14300, 12200, 16500, 19100, 18200, 12800, 20500, 12500, 11000, 22800, 22000, 14900, 15100, 13900, 15000, 28900, 13300]
- Set 2
[138000, 92300, 183800, 89500, 93200, 80400, 133100, 95700, 101100, 136300, 82200, 103900, 85700, 89000, 97900, 131600, 95400, 116500, 84200, 89900, 93800, 77400, 73900, 81000, 91600, 190200, 90200, 102800, 95900, 77200]
- Set 3
[1813800, 1064200, 1154500, 1054200, 806900, 843500, 792200, 728500, 962900, 1007500, 869600, 737000, 835200, 1095100, 735100, 980000, 1070100, 929600, 990300, 867700, 821400, 927800, 969400, 827200, 918400, 824500, 804100, 785800, 924900, 831500]
--------Marshall Protobuf RandomText Writer
- Set 1
[55347200, 252000, 311900, 165900, 262500, 244900, 337200, 176600, 4849600, 267800, 161200, 195000, 221000, 291400, 211600, 221400, 213300, 432800, 226300, 244600, 222300, 175000, 158600, 170700, 207800, 187200, 235600, 148500, 202700, 714900]
- Set 2
[3814000, 888700, 1012900, 783600, 810200, 1381300, 887600, 842000, 1314600, 988400, 925800, 1474300, 788900, 738400, 780000, 1030300, 1250600, 989100, 816300, 770700, 1202700, 722100, 954200, 723100, 1358200, 1225700, 767900, 712800, 824600, 1663900]
- Set 3
[15602900, 8503100, 35742500, 6710900, 6525600, 9239500, 8013400, 6068600, 8336700, 8089700, 7598600, 9043400, 7146700, 6971200, 7352200, 13534500, 9530300, 9513000, 7966500, 6714300, 6498800, 6578500, 6687300, 6051100, 8191400, 6483000, 7687200, 7121400, 8479700, 6003300]
--------Marshall Protobuf SameText Writer
- Set 1
[527700, 185900, 334600, 233200, 195100, 222600, 226300, 361400, 179400, 205200, 178200, 190900, 190000, 312900, 171700, 367200, 265000, 201200, 202900, 180500, 255500, 488700, 143900, 223600, 200000, 197100, 203100, 202000, 187400, 281500]
- Set 2
[1124500, 801100, 2447300, 806200, 882400, 941300, 753500, 999000, 877400, 1195600, 745100, 736500, 982600, 925300, 1930800, 1396400, 1513600, 939300, 798500, 802900, 1301300, 872400, 748400, 787800, 916400, 835400, 911600, 941800, 830300, 1507400]
- Set 3
[10674200, 7909500, 11457900, 6903900, 8902100, 8833900, 6745500, 7494500, 8512000, 10516000, 6771700, 7633900, 7173700, 7769400, 9357600, 6239800, 9802800, 9592300, 8248800, 6586800, 8057000, 5950000, 6312500, 6697500, 8741300, 6905800, 7330700, 9278600, 7397200, 6518400]
--------Marshall Protobuf RandomText Total
- Set 1
[55518200, 266200, 344800, 205600, 308600, 261900, 353400, 190700, 4894300, 284900, 179100, 206000, 241700, 306100, 228700, 234600, 234200, 449500, 241300, 257700, 236700, 188500, 173200, 183900, 224900, 200600, 250700, 164000, 223300, 729700]
- Set 2
[4589200, 984700, 1147300, 881900, 885300, 1475300, 975900, 970900, 1422600, 1083500, 1006200, 1568200, 876800, 832300, 857000, 1138200, 1380000, 1093900, 901700, 858900, 1304400, 804800, 1027400, 796700, 1443400, 1310300, 853100, 817300, 923700, 1771100]
- Set 3
[18923000, 9633300, 37433200, 7698800, 7370100, 10065500, 8859500, 6849300, 9366400, 9143800, 8533200, 9809000, 7994500, 7953500, 8142100, 14625100, 10636000, 10682500, 8826200, 7605800, 7400900, 7359400, 7544700, 6836900, 9009600, 17533900, 8496600, 7961400, 9562400, 6724700]
--------Marshall Protobuf SameText Total
- Set 1
[545500, 205300, 352900, 245300, 210900, 236200, 259000, 379000, 193600, 219500, 190700, 204500, 207700, 327200, 183900, 383700, 284100, 219400, 215700, 201000, 268000, 499700, 166700, 245600, 214900, 212200, 217000, 217000, 216300, 294800]
- Set 2
[1262500, 893400, 2631100, 895700, 975600, 1021700, 886600, 1094700, 978500, 1331900, 827300, 840400, 1068300, 1014300, 2028700, 1528000, 1609000, 1055800, 882700, 892800, 1395100, 949800, 822300, 868800, 1008000, 1025600, 1001800, 1044600, 926200, 1584600]
- Set 3
[12488000, 8973700, 12612400, 7958100, 9709000, 9677400, 7537700, 8223000, 9474900, 11523500, 7641300, 8370900, 8008900, 8864500, 10092700, 7219800, 10872900, 10521900, 9239100, 7454500, 8878400, 6877800, 7281900, 7524700, 9659700, 7730300, 8134800, 10064400, 8322100, 7349900]
--------Unmarshall XML RandomText
- Set 1
8221665
- Set 2
16954045
- Set 3
89466165
--------Unmarshall XML SameText
- Set 1
8309440
- Set 2
19416600
- Set 3
92856765
--------Unmarshall Gzip RandomText
- Set 1
9358620
- Set 2
20885780
- Set 3
127737200
--------Unmarshall Gzip SameText
- Set 1
10527095
- Set 2
21301215
- Set 3
116299770
--------Unmarshall Protobuf RandomText
- Set 1
152615
- Set 2
571260
- Set 3
4903575
--------Unmarshall Protobuf SameText
- Set 1
111880
- Set 2
549220
- Set 3
4544480
--------Unmarshall Protobuf RandomText Writer
- Set 1
37665
- Set 2
356810
- Set 3
4063970
--------Unmarshall Protobuf SameText Writer
- Set 1
39580
- Set 2
340615
- Set 3
3230155
--------Unmarshall Protobuf RandomText Total
- Set 1
190280
- Set 2
928070
- Set 3
8967545
--------Unmarshall Protobuf SameText Total
- Set 1
151460
- Set 2
889835
- Set 3
7774635
--------Unmarshall XML RandomText
- Set 1
1958458
- Set 2
3398997
- Set 3
8280563
--------Unmarshall XML SameText
- Set 1
1782759
- Set 2
9401717
- Set 3
24387392
--------Unmarshall Gzip RandomText
- Set 1
2346929
- Set 2
4242035
- Set 3
21799492
--------Unmarshall Gzip SameText
- Set 1
10126006
- Set 2
9440165
- Set 3
15396500
--------Unmarshall Protobuf RandomText
- Set 1
93458
- Set 2
183023
- Set 3
1405022
--------Unmarshall Protobuf SameText
- Set 1
21387
- Set 2
101475
- Set 3
965385
--------Unmarshall Protobuf RandomText Writer
- Set 1
10768
- Set 2
101221
- Set 3
1632122
--------Unmarshall Protobuf SameText Writer
- Set 1
15337
- Set 2
81832
- Set 3
788212
--------Unmarshall Protobuf RandomText Total
- Set 1
99604
- Set 2
279197
- Set 3
2310724
--------Unmarshall Protobuf SameText Total
- Set 1
26532
- Set 2
156947
- Set 3
1600017
--------Unmarshall XML RandomText
- Set 1
[189741900, 7719800, 9392400, 15260500, 8452100, 9579300, 7297300, 6794100, 8345700, 14497500, 8852300, 7070900, 7692700, 7190700, 7393400, 9542400, 14858400, 7961500, 10105400, 6838200, 10811900, 7937200, 7277900, 6234200, 6350100, 9304100, 7921600, 6262400, 7638800, 7189200]
- Set 2
[554134800, 17506400, 16840500, 23649000, 14201100, 14984600, 18518300, 15402900, 16746100, 23276400, 16784900, 17100200, 15202600, 15705500, 15213200, 20075800, 23229000, 17354100, 21736000, 14750200, 27209000, 14361100, 13543200, 15569500, 14674900, 15310300, 14294200, 14891500, 15967600, 16108100]
- Set 3
[393059500, 92072100, 88774000, 106924300, 80448300, 87032900, 90660800, 85808700, 87736000, 106796700, 97290500, 87735500, 83217200, 84812200, 81127900, 94930400, 99348700, 96379600, 111456100, 80112100, 89925300, 83200100, 81599100, 91370600, 80515500, 94391000, 85585600, 79012200, 99211200, 88102500]
--------Unmarshall XML SameText
- Set 1
[17548200, 8209300, 11295400, 15367000, 7741000, 8973000, 8792700, 6266700, 10254200, 8929400, 9451000, 7052400, 10531600, 6562500, 6640500, 10920300, 6734500, 9677000, 12177400, 6620000, 7052300, 8040800, 8684600, 7593000, 6488100, 8003300, 6907500, 6706100, 11537600, 8808300]
- Set 2
[39174700, 14892600, 17440200, 21723500, 13621600, 17760200, 16460300, 17266900, 16345500, 18365500, 30258800, 16813400, 55640100, 16887300, 13787200, 17532800, 16609800, 20626400, 17129900, 18052500, 15871700, 13740000, 13346700, 14954700, 14048200, 19617100, 14424500, 15925800, 28491100, 14574000]
- Set 3
[166546100, 86444200, 116992400, 102093700, 78889200, 98615700, 87569500, 80695600, 212008800, 123343300, 105966900, 88390600, 76962200, 78669500, 75173400, 84766700, 178240000, 88999000, 106390200, 93582300, 92283100, 76720900, 77517800, 80045800, 82227700, 94057800, 78421500, 77469100, 138293300, 82957500]
--------Unmarshall Gzip RandomText
- Set 1
[10060200, 7681000, 16687900, 8332400, 10356000, 8253200, 7742400, 11461200, 10521900, 11675900, 9439400, 7245100, 7456400, 9488500, 10256800, 11680600, 10413300, 10659900, 8266300, 9265500, 7639500, 7737600, 13093700, 6886400, 8430900, 9249800, 9683600, 7049400, 16600300, 6629400]
- Set 2
[20473200, 17716600, 38167400, 28428200, 18038400, 18777600, 18453600, 18740200, 26761100, 22378400, 20456100, 19496800, 19057300, 19085000, 20848900, 24155800, 19099100, 27956300, 22685800, 23187200, 17787900, 18135300, 19157100, 18184000, 17501000, 18675700, 18410100, 20801500, 35612000, 17422700]
- Set 3
[123326500, 120260500, 213468600, 160758700, 118032900, 115132100, 113904000, 120632000, 246850200, 168087300, 123024600, 112084900, 111037800, 114393700, 140425800, 146389700, 125611100, 176606600, 150108000, 122091200, 109531500, 122420300, 109676200, 110726400, 112453000, 116818400, 132997600, 119214000, 188068400, 111064800]
--------Unmarshall Gzip SameText
- Set 1
[20000200, 9282100, 16577600, 8627800, 7243700, 7244100, 39637200, 9230800, 12488300, 9258600, 7369900, 8444800, 7492400, 7251700, 7958800, 54311300, 9752800, 9622200, 11315000, 8854700, 7853200, 6332100, 7159300, 6517300, 8082800, 8024900, 7700400, 6931100, 10666600, 8900600]
- Set 2
[20605100, 348727000, 28285500, 20026800, 17282000, 17533000, 18019800, 20510100, 28455200, 22649400, 18098400, 16306800, 26550500, 18389800, 16446700, 59797700, 28033600, 21305600, 19000300, 18863300, 18345400, 16891000, 16901100, 16973400, 16472100, 16070900, 20528900, 23840000, 20890300, 16318500]
- Set 3
[118384000, 119877100, 170219000, 118064300, 105259600, 105972100, 115800400, 109635100, 175543100, 149768900, 114164200, 104992600, 116045400, 118690600, 106901900, 104550700, 158314200, 141407000, 112917700, 113343700, 117144600, 105101800, 103047800, 102096400, 119839600, 112487100, 111476600, 105882100, 151000600, 106590800]
--------Unmarshall Protobuf RandomText
- Set 1
[75648500, 126600, 205700, 110400, 116000, 188300, 257900, 100200, 280800, 183200, 125300, 103700, 131300, 136800, 121400, 534800, 219800, 188100, 113800, 119400, 118000, 99200, 100000, 89800, 175800, 173000, 111300, 112200, 141600, 137000]
- Set 2
[2777800, 420800, 643100, 512300, 733400, 449800, 408800, 461700, 1020200, 1121200, 663700, 440300, 489200, 539200, 429300, 584500, 1146100, 633400, 499000, 508600, 468300, 920400, 414800, 436400, 498800, 520800, 475000, 795200, 565000, 397200]
- Set 3
[9716500, 3615100, 5717900, 4439100, 5958300, 4405700, 3739700, 4580100, 5170300, 5556100, 4649000, 3893400, 4014800, 4535000, 4227700, 5644700, 6658300, 8453900, 3853300, 5132900, 6326200, 3680700, 3691000, 3418900, 4300900, 7703100, 4196500, 4155100, 6019800, 3516300]
--------Unmarshall Protobuf SameText
- Set 1
[405000, 86800, 118500, 102200, 93000, 114100, 91900, 119200, 173000, 596500, 100700, 103400, 152900, 114500, 94200, 170600, 125300, 117600, 94600, 88600, 96100, 94600, 127600, 103700, 120800, 123700, 93400, 121000, 113100, 81200]
- Set 2
[922200, 584700, 743900, 455800, 483900, 458000, 560400, 434700, 548500, 1026800, 587300, 439800, 476000, 506800, 446400, 485300, 590200, 741400, 464600, 581900, 521600, 631400, 399500, 636100, 482300, 777700, 659500, 498100, 613300, 445200]
- Set 3
[11406700, 3702000, 4778800, 5378800, 3779400, 3797800, 3720700, 5474500, 5420200, 8350800, 4586200, 4401900, 4852300, 3862700, 3631400, 5106700, 7207300, 5892000, 3688300, 5622000, 3915500, 3529400, 3691400, 3821300, 6066900, 4104700, 3629900, 4477400, 4264300, 4538000]
--------Unmarshall Protobuf RandomText Writer
- Set 1
[1517800, 117000, 100700, 89500, 35400, 42300, 127300, 29700, 73000, 40100, 30400, 31600, 31400, 34700, 37100, 53600, 54200, 38200, 32700, 35800, 29400, 32000, 28200, 28400, 70400, 34200, 36300, 34100, 51200, 29400]
- Set 2
[3401300, 1749400, 715700, 371900, 390400, 419300, 286600, 258900, 538100, 560900, 324600, 335400, 287800, 311400, 263100, 345500, 649100, 357900, 306200, 322200, 357100, 570800, 305700, 251700, 374200, 266600, 348900, 520100, 341400, 296500]
- Set 3
[14363200, 5529900, 6971900, 3234900, 3053600, 4339900, 7950600, 3486500, 3695700, 6378000, 2956200, 3268200, 8830800, 3873900, 2866800, 3758500, 4197800, 5908000, 7551100, 3781700, 2971300, 3413900, 2630100, 2680300, 5407600, 4502800, 3291900, 2946200, 3778600, 2663700]
--------Unmarshall Protobuf SameText Writer
- Set 1
[358200, 60000, 161700, 38300, 35300, 37900, 29000, 28000, 39100, 56000, 33700, 32000, 44800, 34200, 41500, 26800, 37000, 40700, 31700, 47900, 34000, 29600, 28800, 33800, 34100, 97900, 59900, 34100, 39300, 29800]
- Set 2
[922300, 891300, 907000, 334800, 320700, 315700, 384100, 321600, 442800, 755900, 285900, 259400, 535800, 327500, 251900, 259700, 322600, 353700, 319400, 460700, 302100, 337600, 276900, 478900, 317600, 458800, 295100, 280700, 419600, 268400]
- Set 3
[10115800, 5750300, 4656000, 4786600, 3338700, 3520000, 3163900, 5392300, 4081100, 3436300, 2772600, 2666700, 3562500, 2846900, 2771500, 2686400, 5310400, 3814500, 2970200, 3208600, 2702700, 2548300, 2651700, 4880900, 4577700, 3282300, 2600000, 3054100, 3015300, 2679800]
--------Unmarshall Protobuf RandomText Total
- Set 1
[77166300, 243600, 306400, 199900, 151400, 230600, 385200, 129900, 353800, 223300, 155700, 135300, 162700, 171500, 158500, 588400, 274000, 226300, 146500, 155200, 147400, 131200, 128200, 118200, 246200, 207200, 147600, 146300, 192800, 166400]
- Set 2
[6179100, 2170200, 1358800, 884200, 1123800, 869100, 695400, 720600, 1558300, 1682100, 988300, 775700, 777000, 850600, 692400, 930000, 1795200, 991300, 805200, 830800, 825400, 1491200, 720500, 688100, 873000, 787400, 823900, 1315300, 906400, 693700]
- Set 3
[24079700, 9145000, 12689800, 7674000, 9011900, 8745600, 11690300, 8066600, 8866000, 11934100, 7605200, 7161600, 12845600, 8408900, 7094500, 9403200, 10856100, 14361900, 11404400, 8914600, 9297500, 7094600, 6321100, 6099200, 9708500, 12205900, 7488400, 7101300, 9798400, 6180000]
--------Unmarshall Protobuf SameText Total
- Set 1
[763200, 146800, 280200, 140500, 128300, 152000, 120900, 147200, 212100, 652500, 134400, 135400, 197700, 148700, 135700, 197400, 162300, 158300, 126300, 136500, 130100, 124200, 156400, 137500, 154900, 221600, 153300, 155100, 152400, 111000]
- Set 2
[1844500, 1476000, 1650900, 790600, 804600, 773700, 944500, 756300, 991300, 1782700, 873200, 699200, 1011800, 834300, 698300, 745000, 912800, 1095100, 784000, 1042600, 823700, 969000, 676400, 1115000, 799900, 1236500, 954600, 778800, 1032900, 713600]
- Set 3
[21522500, 9452300, 9434800, 10165400, 7118100, 7317800, 6884600, 10866800, 9501300, 11787100, 7358800, 7068600, 8414800, 6709600, 6402900, 7793100, 12517700, 9706500, 6658500, 8830600, 6618200, 6077700, 6343100, 8702200, 10644600, 7387000, 6229900, 7531500, 7279600, 7217800]
