--------Marshall XML RandomText
- Set 1
[29066100, 2229900, 1998100, 1662000, 1716300, 1229400, 1080600, 1577700, 939600, 1171400, 1298100, 1168200, 943500, 955000, 1227800, 952400, 1054100, 1383900, 1029800, 1164300, 981900, 1697700, 1291500, 1952000, 1026800, 1165500, 919400, 926500, 992800, 1981100]
- Set 2
[81613400, 8437500, 5848300, 6435200, 4902700, 4936000, 5446700, 7496200, 4771100, 7339800, 5440700, 8835700, 8491100, 5115100, 4837600, 7174800, 6455900, 9861900, 4796500, 4936400, 6594200, 5232000, 6190100, 5667300, 5765000, 4668300, 6351300, 6119900, 5327600, 5664400]
- Set 3
[225919600, 71782900, 62767100, 60743600, 49046400, 55309200, 61163100, 53825600, 50021100, 53114200, 49722300, 50213900, 55167800, 50466900, 48173900, 48503500, 49298900, 60445300, 47464800, 49736500, 60920000, 48286300, 52158500, 45948700, 52228100, 44008400, 46851900, 66043600, 49724200, 48960900]
--------Marshall XML SameText
- Set 1
[8084000, 1271200, 3649000, 1135900, 1220000, 1878200, 1088600, 1004900, 1021000, 1027500, 1122800, 970200, 1070400, 1010700, 1158400, 1445000, 884800, 1257000, 1086400, 1046100, 1403600, 1485400, 1053600, 925000, 993800, 1563200, 1150100, 943300, 1155700, 1005900]
- Set 2
[13511700, 6616200, 6082700, 6408400, 20605600, 12170800, 5186800, 6499100, 5861700, 5141100, 5619000, 6441500, 5358500, 4950600, 4538900, 7430400, 5617900, 4882400, 5931800, 4622700, 6750500, 4744100, 4759500, 5930100, 6155200, 4886000, 5629500, 4797200, 4784400, 5064200]
- Set 3
[101314900, 55213600, 59613500, 56494200, 77759500, 82999600, 52650400, 53227100, 49462600, 54343800, 48249400, 51274900, 50079400, 51236200, 44204100, 50155600, 52330600, 52861400, 53619200, 52705900, 58064100, 49239200, 50482600, 48765600, 53911800, 50125100, 52188400, 49068200, 50015800, 53114300]
--------Marshall Gzip RandomText
- Set 1
[9169000, 6848400, 6476600, 6878600, 1823300, 2458800, 1515900, 1984200, 1693700, 1607300, 1536100, 1602400, 1609000, 1560700, 1773900, 1495100, 1567800, 2217400, 2254700, 2593600, 2359100, 1611100, 1921000, 2022100, 1615400, 2276800, 1544100, 1579900, 1567600, 1531500]
- Set 2
[27078300, 14267500, 13139800, 14646900, 11886300, 17187800, 12262500, 14121400, 13650200, 12671800, 12255000, 16249600, 12792400, 12157100, 12150700, 14677900, 11253800, 12659900, 11503800, 13588800, 12691800, 11366300, 11391600, 15607500, 15859500, 14215300, 12565000, 11801800, 13865700, 17186300]
- Set 3
[197704800, 154657000, 131373700, 133623700, 128655000, 156020500, 128246800, 132483500, 128404000, 179652000, 133141000, 129839900, 123605800, 121912600, 122243800, 154786500, 125988000, 133209000, 122386100, 129371800, 124747500, 124344600, 125021700, 127401100, 123996800, 130544200, 128297400, 126184500, 136998100, 127657500]
--------Marshall Gzip SameText
- Set 1
[7639000, 6639400, 7066000, 6973000, 1378300, 1737800, 1483300, 1435000, 1581800, 1767200, 1384300, 1599700, 1543200, 1424600, 1402600, 1519700, 1482300, 1434100, 1608400, 1426800, 1365100, 1888300, 1516500, 1413400, 1287500, 1673500, 3385200, 1388200, 1542000, 1456400]
- Set 2
[14069500, 13221700, 10727500, 10600000, 12743800, 11771300, 20572500, 11271300, 10593500, 10646000, 11790800, 12363100, 12766500, 11443400, 12029600, 13971700, 11462200, 10435300, 19402400, 13743100, 12323200, 10506000, 9899700, 11782700, 11727100, 10631400, 10156200, 12722200, 11370700, 11604000]
- Set 3
[149847800, 140835500, 116165900, 117926800, 119963200, 120826400, 132046600, 117770600, 107393600, 120820700, 110221600, 117922900, 118712100, 116282300, 114576600, 115377300, 107398300, 116055700, 121159700, 135730000, 113761000, 121073500, 127391200, 115616300, 115097500, 112053700, 114839000, 129300200, 113111600, 115648100]
--------Marshall Protobuf RandomText
- Set 1
[183800, 23600, 17000, 25900, 20700, 11200, 14400, 14200, 13500, 29800, 11700, 14600, 14600, 18100, 12500, 13100, 11500, 12200, 17900, 12400, 25900, 37700, 17100, 28700, 11600, 19800, 11000, 12500, 14400, 14300]
- Set 2
[883200, 234300, 104600, 75800, 79900, 76300, 102400, 129700, 115200, 76800, 73800, 65900, 90500, 79900, 76400, 83800, 91000, 82200, 73100, 86300, 76100, 78100, 73600, 116900, 71700, 76900, 67000, 75500, 73500, 97000]
- Set 3
[2417300, 1179500, 1211000, 907500, 838100, 916300, 718800, 742200, 892900, 750600, 720900, 745800, 792900, 786400, 852300, 860300, 710300, 984300, 919400, 771100, 760800, 717700, 811600, 882700, 730100, 808900, 813600, 740600, 1005100, 830200]
--------Marshall Protobuf SameText
- Set 1
[35700, 15300, 27700, 11900, 12500, 13600, 10400, 37400, 14800, 11900, 10400, 10000, 15600, 16500, 21300, 11500, 11000, 36600, 13600, 12100, 13000, 10800, 12400, 10800, 10800, 12800, 14800, 12600, 12700, 12300]
- Set 2
[407500, 110600, 114800, 83900, 94200, 78100, 158100, 114000, 99300, 88500, 71700, 73600, 86400, 85800, 79400, 78600, 85800, 81600, 71600, 79500, 70700, 70900, 74800, 102900, 71700, 82200, 71700, 77400, 83200, 75600]
- Set 3
[1800100, 1202800, 1158600, 781800, 782600, 1057300, 837100, 764000, 920400, 857300, 733300, 869600, 796700, 732900, 1030600, 840100, 731100, 755900, 740300, 929500, 724600, 912500, 730400, 965700, 810500, 795300, 846200, 762900, 825100, 840100]
--------Marshall Protobuf RandomText Writer
- Set 1
[25277800, 345300, 423200, 223600, 779200, 183100, 151200, 172100, 204900, 153900, 495100, 204000, 194000, 279800, 167000, 184500, 213000, 247300, 218300, 170000, 216400, 504600, 275600, 421400, 189000, 187500, 225300, 208700, 253300, 224000]
- Set 2
[7470400, 6989800, 1010100, 1036300, 760100, 743800, 1518200, 877100, 1123100, 775000, 1876100, 731400, 1222100, 749400, 731500, 12195800, 737000, 783200, 1060900, 758500, 777800, 942400, 796700, 796200, 1038500, 746700, 747000, 709300, 820900, 895900]
- Set 3
[21289400, 8893000, 9778000, 6832500, 6896000, 6550000, 7269000, 17185100, 7715100, 7385800, 6546100, 7894700, 7088300, 8518000, 6061200, 14469200, 5550800, 8288000, 5795200, 7716100, 6259000, 6400600, 6180400, 7631100, 9766900, 7441200, 5895400, 7466900, 6207800, 6904000]
--------Marshall Protobuf SameText Writer
- Set 1
[528000, 233300, 322300, 166500, 181100, 241100, 187100, 171700, 194500, 230600, 196500, 254800, 216100, 211200, 182800, 181200, 189400, 209600, 217700, 345000, 166400, 223200, 481100, 252900, 233300, 242200, 186300, 205100, 230700, 219200]
- Set 2
[4394100, 879900, 1338800, 800900, 860200, 844000, 2333800, 894900, 1347700, 1071600, 825900, 743700, 1581600, 765500, 840800, 779000, 655800, 703100, 857700, 722900, 757300, 1237300, 880000, 856100, 827600, 1315100, 2393400, 747600, 733200, 1227600]
- Set 3
[15700700, 8541100, 8535100, 7124700, 8470000, 8825600, 11123200, 7484400, 11148100, 7727300, 12043700, 7469800, 7478400, 6692000, 6873300, 6536600, 7162600, 7641600, 7296500, 7177500, 6384900, 7037700, 6910200, 6816300, 8054500, 7266800, 8375300, 5772400, 8725100, 7528700]
--------Marshall Protobuf RandomText Total
- Set 1
[25461600, 368900, 440200, 249500, 799900, 194300, 165600, 186300, 218400, 183700, 506800, 218600, 208600, 297900, 179500, 197600, 224500, 259500, 236200, 182400, 242300, 542300, 292700, 450100, 200600, 207300, 236300, 221200, 267700, 238300]
- Set 2
[8353600, 7224100, 1114700, 1112100, 840000, 820100, 1620600, 1006800, 1238300, 851800, 1949900, 797300, 1312600, 829300, 807900, 12279600, 828000, 865400, 1134000, 844800, 853900, 1020500, 870300, 913100, 1110200, 823600, 814000, 784800, 894400, 992900]
- Set 3
[23706700, 10072500, 10989000, 7740000, 7734100, 7466300, 7987800, 17927300, 8608000, 8136400, 7267000, 8640500, 7881200, 9304400, 6913500, 15329500, 6261100, 9272300, 6714600, 8487200, 7019800, 7118300, 6992000, 8513800, 10497000, 8250100, 6709000, 8207500, 7212900, 7734200]
--------Marshall Protobuf SameText Total
- Set 1
[563700, 248600, 350000, 178400, 193600, 254700, 197500, 209100, 209300, 242500, 206900, 264800, 231700, 227700, 204100, 192700, 200400, 246200, 231300, 357100, 179400, 234000, 493500, 263700, 244100, 255000, 201100, 217700, 243400, 231500]
- Set 2
[4801600, 990500, 1453600, 884800, 954400, 922100, 2491900, 1008900, 1447000, 1160100, 897600, 817300, 1668000, 851300, 920200, 857600, 741600, 784700, 929300, 802400, 828000, 1308200, 954800, 959000, 899300, 1397300, 2465100, 825000, 816400, 1303200]
- Set 3
[17500800, 9743900, 9693700, 7906500, 9252600, 9882900, 11960300, 8248400, 12068500, 8584600, 12777000, 8339400, 8275100, 7424900, 7903900, 7376700, 7893700, 8397500, 8036800, 8107000, 7109500, 7950200, 7640600, 7782000, 8865000, 8062100, 9221500, 6535300, 9550200, 8368800]
--------Unmarshall XML RandomText
- Set 1
[173584100, 10831400, 9127700, 7787600, 10134900, 7312800, 12292000, 9122000, 8212100, 9463300, 7846300, 6624600, 9214400, 6729100, 7000000, 6379900, 6780600, 8609100, 6574900, 7774100, 8108900, 6600900, 7331200, 9054000, 6914000, 7015400, 7107700, 10550800, 6214900, 6936000]
- Set 2
[266228400, 20994600, 17574500, 19260400, 13687700, 17463700, 18978900, 18665900, 16372300, 16990000, 14964500, 18069300, 14830200, 14343700, 15752800, 16724700, 14628000, 14859600, 14473100, 13769900, 15247100, 14328800, 13939600, 14489500, 16688900, 13157800, 14612000, 19514700, 14629300, 14120800]
- Set 3
[411330900, 116421400, 96851700, 90929800, 82762300, 97649600, 104227700, 94320200, 87896900, 90906800, 80427800, 82614100, 79480500, 82153100, 81006000, 83068900, 82733400, 81637400, 80745700, 83881000, 86936800, 83216400, 87538400, 84299600, 83023200, 75712700, 81186600, 82820300, 80601700, 87370100]
--------Unmarshall XML SameText
- Set 1
[14402300, 8435300, 8140600, 7135000, 6718900, 9056000, 8392300, 8810800, 6675400, 7700400, 8182400, 6242800, 7824400, 6850300, 6034700, 12291000, 6510600, 6244800, 13146000, 19051900, 9213700, 7939600, 7747000, 7411700, 9199900, 6954100, 7293700, 9446900, 7276800, 6566000]
- Set 2
[25338500, 15998400, 16314300, 16334500, 16376000, 19151100, 14393800, 15626600, 17401700, 14647600, 16346300, 16490700, 20326800, 13893600, 13579500, 15486300, 14737700, 17336700, 14571100, 15814500, 14646000, 14165000, 13048100, 17448900, 14193200, 14729300, 16971300, 14458100, 14899500, 14555300]
- Set 3
[157177500, 85633800, 84528600, 78812900, 82408200, 114149700, 79686800, 79778400, 85413300, 83178100, 77132700, 77208600, 78973900, 84168100, 74602400, 81408100, 78908500, 78662600, 75952300, 79066700, 85925400, 76621100, 76106200, 78393200, 82349100, 78631600, 78638000, 76045800, 81739300, 78999800]
--------Unmarshall Gzip RandomText
- Set 1
[11267600, 12872300, 8285400, 8660800, 7162600, 10734000, 7239100, 9528600, 7732200, 11009100, 8429000, 8355400, 6886400, 7832400, 8556800, 8953100, 6530500, 14393300, 6397100, 8436400, 20369800, 6485000, 8088300, 10594600, 8224100, 8990600, 7357600, 8313900, 8506600, 6533200]
- Set 2
[25051600, 23660500, 18991200, 18713200, 18906600, 21128400, 17385600, 18655900, 20301000, 18566100, 17820800, 23393300, 19212400, 16914900, 26584400, 23352300, 18529000, 25556100, 18468000, 19587000, 16867300, 19394900, 18033900, 17856700, 17876400, 18087900, 23257800, 19126300, 17418900, 18474100]
- Set 3
[143086200, 131483400, 111053700, 113545800, 119903700, 127694200, 117182600, 111023400, 113053300, 115936600, 110836500, 181771700, 110856600, 116794400, 117263600, 131141800, 119242800, 126365300, 115748500, 113090900, 115186900, 115556200, 108493500, 110585100, 111888600, 114857500, 113008400, 117297100, 107810400, 113620100]
--------Unmarshall Gzip SameText
- Set 1
[10246300, 9337100, 12871700, 7962900, 6721000, 7099500, 8001200, 9211500, 7371400, 7174000, 11595900, 9072100, 7173300, 6959300, 6801000, 6841500, 6336700, 6517200, 7013300, 9048600, 8580100, 7764800, 8744300, 9377500, 7470100, 10534800, 7630100, 7192100, 7431900, 7704700]
- Set 2
[18902600, 20145500, 20617200, 16713800, 18674300, 18384900, 25197800, 25353100, 17482900, 19478700, 16042400, 24466800, 19118200, 18002800, 17484400, 19926300, 15095000, 19381000, 17640000, 18519800, 18523000, 18340200, 18032400, 18265700, 17839100, 29077500, 17251700, 16920200, 17156300, 17794600]
- Set 3
[116983100, 126606900, 114514800, 106871500, 107189000, 109398200, 104174200, 130511100, 110775300, 107578100, 117146900, 107579000, 126543900, 118946800, 106592800, 108783400, 98516900, 107729200, 111156900, 106098900, 108604800, 107019600, 108093100, 106243200, 100756600, 115277700, 109800800, 104976000, 130944200, 105636100]
--------Unmarshall Protobuf RandomText
- Set 1
[10593000, 179700, 127200, 319500, 112800, 105600, 103700, 100100, 110900, 94800, 120400, 293700, 104700, 127400, 103200, 121700, 219100, 143300, 89100, 95200, 81800, 99000, 93200, 144400, 165900, 221300, 184600, 99400, 106800, 99100]
- Set 2
[4297700, 702600, 726500, 496400, 910300, 673500, 428600, 470200, 739100, 523600, 511400, 406100, 484700, 429000, 421200, 1030600, 606300, 429800, 503400, 482400, 444300, 672200, 396100, 393700, 473300, 469300, 390200, 435400, 424900, 468700]
- Set 3
[12605900, 6740900, 5037000, 8182600, 4608300, 4450400, 4282100, 5110700, 4800400, 4087100, 3895400, 3612100, 4857800, 3795500, 3895000, 4752100, 7340600, 3916200, 4872300, 4909700, 4386300, 3472300, 5284600, 7961400, 3584100, 3653600, 3769900, 4449400, 3735800, 5537100]
--------Unmarshall Protobuf SameText
- Set 1
[197400, 110100, 186700, 90500, 104800, 125100, 114200, 115100, 104800, 93700, 98500, 218300, 129000, 133600, 122600, 110000, 96200, 99200, 104700, 107700, 124000, 120700, 92500, 107600, 149200, 148700, 96400, 164600, 91500, 167800]
- Set 2
[1065200, 512900, 535300, 461100, 838200, 484500, 530200, 517700, 572000, 431700, 410800, 557100, 506400, 451400, 443500, 429500, 477900, 437100, 429000, 609700, 410400, 473900, 452600, 500700, 398900, 463100, 570800, 478600, 422400, 419500]
- Set 3
[11422100, 5276500, 7713500, 4456100, 3804500, 4010400, 5773100, 4431200, 4394600, 3770100, 3792400, 3553400, 4036700, 5637700, 5735800, 3963400, 7904900, 3728900, 3675800, 4361900, 4554300, 4496900, 5212700, 3934400, 3590700, 4066800, 3444900, 3623200, 3706300, 3499000]
--------Unmarshall Protobuf RandomText Writer
- Set 1
[1121400, 74500, 61600, 156000, 36200, 35500, 93200, 32000, 30200, 33100, 30600, 40700, 31500, 31700, 35400, 31300, 35000, 32100, 33200, 32700, 27800, 37800, 37500, 28800, 29300, 51100, 34600, 30500, 29600, 29300]
- Set 2
[3277500, 556000, 512400, 477600, 455000, 444600, 323600, 267900, 405600, 300600, 277300, 287100, 265300, 340100, 283700, 1493200, 315800, 333000, 345400, 372100, 265800, 344300, 312900, 272600, 544400, 272600, 292400, 260000, 306100, 326900]
- Set 3
[10755700, 5633100, 5956900, 5472300, 3792200, 3667900, 8018200, 2693700, 5116400, 8812800, 2556600, 2593700, 2814300, 3625100, 4127300, 2581700, 3101300, 2716700, 2752200, 3672700, 3135200, 3976600, 2593800, 3858400, 2736900, 2678500, 2575400, 2837000, 3002000, 2644000]
--------Unmarshall Protobuf SameText Writer
- Set 1
[160200, 85100, 74400, 89800, 36200, 38400, 30300, 56400, 31800, 32100, 29200, 68500, 32600, 30800, 30600, 30100, 29400, 30900, 28900, 37900, 39300, 44000, 30500, 30800, 29000, 32100, 28900, 39900, 30600, 67700]
- Set 2
[664400, 684300, 947300, 411000, 325200, 538300, 317800, 280300, 273000, 323300, 262100, 324300, 1057300, 337000, 292100, 312600, 318400, 289400, 282800, 483000, 304100, 346400, 277500, 247700, 305200, 291800, 291100, 286800, 253000, 294500]
- Set 3
[7372400, 5174000, 7635100, 3648800, 3440900, 3414300, 4441700, 2812200, 3339300, 2620800, 2548900, 3069300, 3010700, 3002700, 2745800, 2624800, 4464900, 3133100, 3610400, 2868800, 2751800, 2550500, 2784800, 4068500, 2620400, 2549000, 3033100, 2612200, 2796900, 3993100]
--------Unmarshall Protobuf RandomText Total
- Set 1
[11714400, 254200, 188800, 475500, 149000, 141100, 196900, 132100, 141100, 127900, 151000, 334400, 136200, 159100, 138600, 153000, 254100, 175400, 122300, 127900, 109600, 136800, 130700, 173200, 195200, 272400, 219200, 129900, 136400, 128400]
- Set 2
[7575200, 1258600, 1238900, 974000, 1365300, 1118100, 752200, 738100, 1144700, 824200, 788700, 693200, 750000, 769100, 704900, 2523800, 922100, 762800, 848800, 854500, 710100, 1016500, 709000, 666300, 1017700, 741900, 682600, 695400, 731000, 795600]
- Set 3
[23361600, 12374000, 10993900, 13654900, 8400500, 8118300, 12300300, 7804400, 9916800, 12899900, 6452000, 6205800, 7672100, 7420600, 8022300, 7333800, 10441900, 6632900, 7624500, 8582400, 7521500, 7448900, 7878400, 11819800, 6321000, 6332100, 6345300, 7286400, 6737800, 8181100]
--------Unmarshall Protobuf SameText Total
- Set 1
[357600, 195200, 261100, 180300, 141000, 163500, 144500, 171500, 136600, 125800, 127700, 286800, 161600, 164400, 153200, 140100, 125600, 130100, 133600, 145600, 163300, 164700, 123000, 138400, 178200, 180800, 125300, 204500, 122100, 235500]
- Set 2
[1729600, 1197200, 1482600, 872100, 1163400, 1022800, 848000, 798000, 845000, 755000, 672900, 881400, 1563700, 788400, 735600, 742100, 796300, 726500, 711800, 1092700, 714500, 820300, 730100, 748400, 704100, 754900, 861900, 765400, 675400, 714000]
- Set 3
[18794500, 10450500, 15348600, 8104900, 7245400, 7424700, 10214800, 7243400, 7733900, 6390900, 6341300, 6622700, 7047400, 8640400, 8481600, 6588200, 12369800, 6862000, 7286200, 7230700, 7306100, 7047400, 7997500, 8002900, 6211100, 6615800, 6478000, 6235400, 6503200, 7492100]
